<?xml version="1.0" encoding="UTF-8"?>
<!DOCTYPE flag PUBLIC "-//Kreative//DTD Vexillo 1.0//EN" "http://www.kreativekorp.com/dtd/kvxx.dtd">
<flag name="Osaka Prefecture" fly="h*3/2">
	<defs>
		<dim id="es" e="min(h*13/20,w*11/20)"/>
		<color id="blue">
			<colorspec model="rgb" value="51 65 154"/>
		</color>
		<color id="white">
			<colorspec model="rgb" value="255 255 255"/>
		</color>
		<symdef id="e" d="
			m 0.4635 -0.2378
			c -0.1264 0 -0.2288 0.1026 -0.2288 0.2292
			c 0 0.0008 0.0005 0.0092 0.0006 0.0108
			c 0.0003 0.0155 -0.0036 0.0482 -0.038 0.069
			c -0.0345 0.0208 -0.066 0.0102 -0.0812 0.0024
			c -0.0028 -0.0017 -0.0098 -0.0056 -0.0098 -0.0056
			c -0.0148 -0.0099 -0.0372 -0.0312 -0.0372 -0.0692
			c 0 -0.0368 0.0218 -0.0568 0.0357 -0.0659
			c 0.0034 -0.0018 0.0112 -0.0063 0.0112 -0.0063
			c 0.0675 -0.0399 0.1129 -0.1132 0.1129 -0.1974
			C 0.2288 -0.3974 0.1263 -0.5 0.0 -0.5
			c -0.1264 0 -0.2288 0.1026 -0.2288 0.2292
			c 0 0.0841 0.0454 0.1575 0.1129 0.1974
			c 0 0 0.0078 0.0045 0.0112 0.0063
			c 0.014 0.0091 0.0357 0.0291 0.0357 0.0659
			c 0 0.038 -0.0225 0.0593 -0.0372 0.0692
			c 0.0 0.0 -0.0126 0.0070 -0.0126 0.0070
			l 0 0
			c -0.0161 0.0076 -0.0459 0.0158 -0.0783 -0.0038
			c -0.0344 -0.0207 -0.0383 -0.0534 -0.038 -0.069
			c 0.0001 -0.0017 0.0005 -0.0101 0.0005 -0.0108
			c 0 -0.1265 -0.1024 -0.2292 -0.2288 -0.2292
			C -0.5899 -0.2378 -0.6923 -0.1351 -0.6923 -0.0086
			C -0.6923 0.118 -0.5899 0.2206 -0.4635 0.2206
			c 0.0395 0 0.0745 -0.0088 0.1069 -0.0264
			c 0 0 0.0089 -0.0053 0.0122 -0.0073
			c 0.0146 -0.0074 0.0437 -0.0168 0.0761 0.0027
			c 0.0339 0.0204 0.0396 0.0524 0.0401 0.0698
			c -0.0002 0.0038 -0.0005 0.0123 -0.0005 0.0123
			c 0.0005 0.1262 0.1027 0.2284 0.2288 0.2284
			c 0.1261 0 0.2283 -0.1022 0.2288 -0.2284
			l 0.0001 0.0001
			c 0 0 -0.0005 -0.0078 -0.0006 -0.0113
			c 0.0002 -0.0171 0.0055 -0.05 0.0401 -0.0708
			c 0.0324 -0.0195 0.0615 -0.0102 0.0761 -0.0027
			c 0.0033 0.0020 0.01 0.0061 0.01 0.0061
			c 0.0324 0.0177 0.0696 0.0277 0.1091 0.0277
			C 0.5899 0.2206 0.6923 0.118 0.6923 -0.0086
			C 0.6923 -0.1351 0.5899 -0.2378 0.4635 -0.2378 Z
			M 0 -0.3594
			c 0.0488 0 0.0884 0.0397 0.0884 0.0886
			c 0 0.0489 -0.0396 0.0886 -0.0884 0.0886
			c -0.0488 0 -0.0884 -0.0397 -0.0884 -0.0886
			c 0 -0.0489 0.0396 -0.0886 0.0884 -0.0886 z
			M -0.4635 0.08
			c -0.0488 0 -0.0884 -0.0397 -0.0884 -0.0886
			c 0 -0.0489 0.0396 -0.0886 0.0884 -0.0886
			c 0.0488 0 0.0884 0.0397 0.0884 0.0886
			c 0 0.0489 -0.0396 0.0886 -0.0884 0.0886 z
			m 0.4635 0.2794
			c -0.0488 0 -0.0884 -0.0397 -0.0884 -0.0886
			c 0 -0.0489 0.0396 -0.0886 0.0884 -0.0886
			c 0.0488 0 0.0884 0.0397 0.0884 0.0886
			c 0 0.0489 -0.0396 0.0886 -0.0884 0.0886 z
			M 0.4635 0.08
			c -0.0488 0 -0.0884 -0.0397 -0.0884 -0.0886
			c 0 -0.0489 0.0396 -0.0886 0.0884 -0.0886
			c 0.0488 0 0.0884 0.0397 0.0884 0.0886
			c 0 0.0489 -0.0396 0.0886 -0.0884 0.0886 z
		"/>
	</defs>
	<field x1="0" y1="0" x2="w" y2="h" color="blue"/>
	<symbol symbol="e" x="w/2" y="h/2" sx="es" sy="es" color="white"/>
</flag>